-0.000001,
-0.000000,
0.000000,
0.000000,
0.000001,
0.000000,
0.000000,
-0.000000,
-0.000000,
-0.000000,
-0.000001,
-0.000001,
0.000001,
0.000001,
-0.000001,
-0.000001,
-0.000001,
0.000001,
0.000000,
0.000000,
-0.000001,
-0.000000,
-0.000001,
0.000001,
-0.000000,
0.000001,
-0.000000,
-0.000000,
-0.000000,
-0.000000,
-0.000000,
0.000001,
0.000002,
0.000000,
-0.000001,
0.000001,
0.000002,
-0.000001,
-0.000001,
0.000000,
0.000001,
-0.000001,
-0.000001,
-0.000000,
-0.000000,
-0.000002,
-0.000001,
-0.000000,
0.000001,
-0.000000,
0.000000,
0.000001,
0.000000,
-0.000001,
0.000001,
0.000001,
0.000000,
-0.000000,
-0.000000,
0.000000,
0.000001,
0.000000,
0.000001,
0.000001,
-0.000000,
-0.000000,
-0.000000,
0.000001,
0.000001,
-0.000000,
-0.000001,
-0.000000,
0.000001,
0.000001,
0.000001,
0.000001,
-0.000002,
-0.000001,
-0.000000,
0.000000,
0.000002,
-0.000000,
-0.000001,
0.000001,
-0.000001,
-0.000000,
0.000001,
0.000001,
-0.000001,
-0.000000,
0.000001,
0.000001,
-0.000000,
-0.000000,
0.000001,
0.000000,
0.000000,
0.000000,
0.000001,
-0.000000,
-0.000001,
-0.000000,
-0.000001,
0.000000,
0.000001,
0.000001,
-0.000001,
0.000002,
-0.000001,
-0.000001,
-0.000001,
0.000001,
0.000001,
0.000000,
-0.000000,
0.000002,
0.000000,
-0.000001,
-0.000001,
0.000000,
-0.000000,
0.000000,
-0.000001,
0.000001,
0.000002,
-0.000001,
-0.000002,
0.000000,
0.000001,
2.520173,
-4.259702,
3.075086,
-0.168363,
4.013946,
-6.469547,
7.191647,
-5.483688,
10.840492,
-23.473339,
79.151503,
158.937920,
35.504682,
-17.768427,
2.901003,
65.231679,
-52.823285,
-47.055093,
87.550783,
99.746985,
-43.192530,
-59.749887,
14.379123,
-7.648210,
-6.951187,
-6.354092,
-27.712195,
0.652999,
14.161672,
-13.402320,
-1.130904,
-0.038574,
-7.673340,
-15.220822,
-10.531738,
7.921571,
17.262028,
2.341816,
-0.429231,
8.139746,
12.914858,
9.496177,
5.534216,
7.837985,
8.631761,
4.478302,
10.022678,
18.371649,
17.229166,
17.303833,
10.197149,
1.318377,
3.754493,
3.462762,
-2.306160,
-5.166592,
3.828659,
6.725984,
7.192109,
-0.422545,
-2.197477,
1.375159,
-0.396577,
-1.412377,
-1.136606,
-0.973464,
0.559064,
4.111075,
-1.092031,
-1.092668,
2.907980,
3.448768,
1.055496,
0.500694,
1.348940,
1.116729,
-1.028199,
0.522817,
4.063655,
2.357571,
-0.346042,
-1.118533,
-1.486134,
-0.837785,
0.170647,
0.786201,
0.969225,
2.010870,
2.006509,
0.582091,
1.372416,
1.391404,
0.997731,
1.052961,
0.750685,
0.937669,
1.757402,
1.649233,
0.619228,
0.603628,
0.811173,
0.800294,
0.535761,
0.217597,
0.289246,
0.048618,
-0.106373,
0.000826,
0.459612,
0.070554,
-0.060540,
-0.299857,
-0.184378,
-0.275105,
-0.236529,
1.279586,
1.183834,
0.450987,
-0.000000,
-0.000000,
-0.000000,
-0.000001,
0.000000,
0.000001,
-0.000000,
-0.000002,
-0.000000,
