-0.000001,
-0.000000,
0.000001,
0.000001,
-0.000001,
0.000000,
0.000000,
-0.000000,
-0.000001,
-0.000000,
0.000001,
0.000000,
0.000001,
0.000001,
0.000001,
-0.000001,
0.000002,
-0.000000,
-0.000000,
0.000001,
0.000000,
-0.000002,
-0.000002,
-0.000001,
0.000000,
0.000001,
0.000000,
-0.000001,
0.000000,
-0.000000,
0.000000,
-0.000000,
0.000001,
0.000000,
0.000001,
0.000000,
0.000001,
0.000001,
0.000000,
0.000000,
0.000000,
0.000000,
-0.000001,
0.000000,
-0.000002,
0.000001,
-0.000002,
-0.000002,
-0.000001,
0.000000,
-0.000001,
-0.000000,
-0.000002,
-0.000000,
0.000000,
0.000000,
-0.000000,
-0.000001,
0.000000,
0.000000,
-0.000002,
-0.000002,
-0.000000,
0.000000,
-0.000000,
-0.000000,
0.000001,
-0.000000,
-0.000001,
-0.000001,
0.000001,
0.000000,
-0.000001,
-0.000000,
0.000002,
0.000002,
0.000000,
-0.000001,
-0.000001,
0.000000,
0.000000,
-0.000001,
-0.000000,
-0.000000,
-0.000000,
-0.000001,
-0.000000,
-0.000001,
0.000001,
0.000001,
0.000000,
-0.000001,
0.000000,
-0.000000,
-0.000000,
0.000001,
0.000002,
0.000001,
0.000000,
0.000001,
-0.000001,
-0.000000,
-0.000000,
-0.000000,
-0.000000,
0.000001,
-0.000000,
0.000001,
0.000001,
-0.000002,
-0.000001,
-0.000001,
-0.000001,
0.000001,
-0.000001,
-0.000001,
0.000001,
-0.000000,
-0.000001,
-0.000000,
-0.000001,
0.000000,
0.000001,
0.000000,
0.000000,
0.000000,
0.000001,
-0.000000,
0.000000,
2.372341,
-3.551294,
1.664503,
0.277625,
4.034222,
-4.550274,
4.161307,
-3.731674,
8.669224,
-14.968588,
45.578125,
152.875498,
70.181006,
-19.905784,
-23.663450,
62.635452,
-1.413524,
-45.617430,
11.206865,
104.833812,
70.217728,
-82.651975,
-47.596453,
12.110739,
-11.617924,
-1.943059,
-2.134431,
-21.554814,
-7.068830,
2.310250,
-1.082782,
7.346603,
-3.569535,
-27.786372,
-8.416771,
3.858468,
2.917291,
14.100654,
7.965240,
-1.002573,
4.751164,
12.259083,
9.625715,
6.576040,
10.726522,
8.865787,
14.236324,
15.759294,
25.074694,
22.616760,
9.810629,
-4.737640,
1.699462,
4.702230,
-7.079776,
-4.784099,
6.721679,
4.908888,
-0.690849,
2.485588,
1.020338,
0.120403,
-1.486082,
-2.592225,
-1.791298,
1.353688,
-1.373103,
1.052747,
1.807566,
-2.289060,
0.252901,
4.247647,
4.386068,
0.373261,
-0.090353,
1.648842,
0.903865,
0.050077,
1.685810,
3.490354,
1.359864,
-0.934394,
-1.399855,
-0.948508,
-2.128832,
1.153425,
2.429599,
1.294056,
0.945591,
0.590390,
1.296493,
1.058044,
1.079236,
1.362127,
1.059392,
0.586392,
1.054863,
1.481247,
1.366778,
0.683411,
0.512095,
0.424427,
0.898808,
0.859011,
0.284702,
0.026551,
-0.254057,
-0.125357,
0.595675,
0.627547,
0.165254,
-0.423877,
-0.242032,
-0.204604,
-0.161396,
0.997892,
1.246437,
0.550848,
0.000000,
0.000001,
-0.000001,
-0.000001,
0.000000,
0.000001,
0.000000,
-0.000001,
-0.000001,
