-0.000001,
-0.000000,
-0.000001,
0.000001,
0.000001,
0.000000,
0.000001,
0.000000,
0.000001,
-0.000001,
-0.000001,
-0.000001,
0.000000,
0.000001,
0.000001,
0.000001,
-0.000001,
0.000001,
0.000000,
-0.000000,
-0.000003,
-0.000001,
0.000000,
0.000000,
0.000000,
0.000001,
0.000001,
0.000000,
0.000002,
-0.000000,
-0.000000,
0.000002,
0.000001,
0.000000,
0.000000,
0.000003,
0.000001,
-0.000001,
0.000001,
0.000002,
0.000000,
0.000000,
0.000001,
0.000001,
-0.000001,
0.000000,
0.000000,
-0.000000,
0.000001,
-0.000001,
-0.000000,
0.000001,
0.000001,
-0.000000,
-0.000001,
-0.000001,
-0.000001,
0.000000,
-0.000001,
0.000001,
0.000000,
0.000000,
0.000000,
0.000001,
0.000001,
0.000001,
0.000002,
0.000002,
0.000001,
0.000001,
0.000001,
0.000001,
0.000000,
0.000001,
-0.000000,
0.000001,
-0.000002,
-0.000001,
-0.000000,
-0.000001,
-0.000001,
0.000000,
-0.000001,
-0.000001,
0.000002,
-0.000001,
0.000000,
0.000001,
-0.000001,
-0.000000,
0.000001,
0.000001,
-0.000000,
0.000001,
-0.000001,
0.000001,
0.000001,
0.000000,
-0.000000,
0.000001,
-0.000000,
-0.000002,
-0.000002,
0.000001,
0.000001,
-0.000001,
-0.000002,
0.000001,
-0.000000,
-0.000002,
-0.000001,
0.000001,
0.000001,
0.000000,
0.000001,
0.000001,
-0.000000,
-0.000001,
0.000000,
-0.000001,
0.000000,
-0.000000,
-0.000000,
-0.000001,
0.000000,
0.000001,
-0.000001,
-0.000001,
0.000000,
2.034856,
-4.218244,
3.339176,
-0.736695,
3.729079,
-6.096030,
7.319124,
-5.684996,
12.131605,
-25.621355,
112.643883,
148.778185,
29.908955,
-9.309856,
-2.696156,
70.922062,
-65.234035,
-58.460768,
78.452691,
93.720406,
-46.683215,
-35.774119,
17.248210,
-13.693563,
1.842042,
-20.382667,
-34.389202,
-1.896020,
9.529137,
-10.465772,
3.585856,
-1.535544,
-3.808656,
-9.923798,
-12.872381,
12.387568,
10.914955,
-4.286199,
-6.673066,
8.589575,
7.942860,
0.912517,
12.136931,
20.831140,
24.019551,
18.519528,
24.713524,
28.149951,
8.061331,
-0.890598,
3.329998,
1.166154,
5.666665,
6.651028,
-2.920427,
-8.263627,
2.118193,
1.357794,
-1.771421,
0.030381,
0.909421,
-1.726346,
-4.940698,
-0.425053,
5.290312,
3.099126,
1.342370,
4.976596,
3.363878,
0.613253,
4.065275,
0.610681,
-3.434657,
-0.099450,
3.060069,
-0.114868,
-1.709781,
2.383986,
3.352877,
-0.044439,
-1.915451,
0.473508,
-1.585420,
-1.835654,
0.501007,
1.793322,
1.850755,
2.280725,
1.482384,
-0.204674,
1.720559,
2.381739,
2.209286,
1.393962,
1.077123,
1.250972,
1.333847,
1.064161,
-0.030292,
0.397074,
0.436273,
0.368511,
0.542847,
0.893203,
0.784963,
0.206167,
-0.425586,
-0.771755,
0.233490,
0.033849,
-0.273022,
0.151749,
0.330853,
0.039120,
0.072404,
1.283724,
0.910658,
0.306375,
-0.000000,
-0.000001,
0.000000,
0.000000,
-0.000002,
0.000000,
0.000001,
-0.000000,
-0.000000,
