-0.000001,
-0.000000,
-0.000000,
0.000000,
0.000001,
0.000000,
0.000000,
-0.000000,
-0.000000,
-0.000000,
-0.000001,
-0.000001,
0.000000,
0.000001,
-0.000000,
-0.000000,
-0.000001,
0.000001,
0.000000,
0.000000,
-0.000001,
-0.000000,
-0.000000,
0.000000,
-0.000000,
0.000001,
0.000000,
-0.000000,
0.000000,
-0.000000,
-0.000000,
0.000001,
0.000001,
0.000000,
-0.000000,
0.000001,
0.000001,
-0.000001,
-0.000000,
0.000001,
0.000000,
-0.000000,
-0.000001,
-0.000000,
-0.000000,
-0.000001,
-0.000001,
-0.000000,
0.000001,
-0.000000,
0.000000,
0.000001,
0.000000,
-0.000001,
0.000000,
0.000000,
0.000000,
-0.000000,
-0.000000,
0.000000,
0.000001,
0.000000,
0.000001,
0.000000,
-0.000000,
-0.000000,
0.000000,
0.000001,
0.000001,
0.000000,
-0.000000,
-0.000000,
0.000001,
0.000001,
0.000000,
0.000001,
-0.000002,
-0.000001,
-0.000000,
-0.000000,
0.000001,
-0.000000,
-0.000001,
0.000000,
-0.000000,
-0.000000,
0.000001,
0.000001,
-0.000001,
-0.000000,
0.000001,
0.000001,
-0.000000,
0.000000,
0.000000,
0.000000,
0.000000,
0.000000,
0.000000,
-0.000000,
-0.000001,
-0.000001,
-0.000001,
0.000000,
0.000001,
0.000001,
-0.000001,
0.000002,
-0.000001,
-0.000001,
-0.000001,
0.000001,
0.000001,
0.000000,
0.000000,
0.000001,
0.000000,
-0.000001,
-0.000001,
-0.000000,
-0.000000,
0.000000,
-0.000001,
0.000001,
0.000001,
-0.000000,
-0.000002,
-0.000000,
0.000001,
2.146638,
-3.782353,
2.788628,
-0.262206,
3.515530,
-5.683149,
6.424789,
-4.919539,
9.901867,
-21.312820,
77.057022,
139.423914,
30.487763,
-14.138806,
1.474672,
59.172515,
-49.459680,
-44.128028,
76.109079,
87.569411,
-39.125708,
-48.428070,
13.362804,
-8.001311,
-4.446767,
-8.428385,
-25.980417,
0.077018,
11.685877,
-11.345534,
-0.073623,
-0.330347,
-6.063990,
-12.496974,
-9.834660,
7.932252,
14.105723,
0.773223,
-1.616659,
7.332211,
10.509255,
6.752901,
6.230363,
9.544094,
10.723979,
6.761690,
11.823886,
18.281884,
13.518682,
11.800141,
7.716105,
1.143074,
3.719111,
3.711855,
-2.173636,
-5.209990,
3.068742,
4.923659,
4.627477,
-0.286442,
-1.341073,
0.610389,
-1.251487,
-1.061581,
0.259482,
-0.060906,
0.652387,
3.829448,
-0.090614,
-0.634983,
2.816556,
2.507707,
0.051331,
0.326873,
1.538743,
0.750191,
-1.049737,
0.833277,
3.475542,
1.622924,
-0.618277,
-0.680519,
-1.342089,
-0.942840,
0.217180,
0.898767,
1.036797,
1.842762,
1.681874,
0.362400,
1.290107,
1.433995,
1.127426,
1.004423,
0.732559,
0.896352,
1.480090,
1.351895,
0.422588,
0.496301,
0.647697,
0.626768,
0.478155,
0.327231,
0.355416,
0.074418,
-0.157781,
-0.152041,
0.364276,
0.055525,
-0.095890,
-0.177528,
-0.062185,
-0.182669,
-0.149388,
1.139474,
0.999430,
0.372720,
-0.000000,
-0.000000,
-0.000000,
-0.000000,
-0.000000,
0.000001,
0.000000,
-0.000001,
-0.000000,
