-0.000001,
-0.000000,
0.000001,
0.000001,
-0.000001,
0.000000,
0.000000,
-0.000000,
-0.000000,
-0.000000,
0.000001,
0.000000,
0.000001,
0.000001,
0.000001,
-0.000001,
0.000001,
-0.000001,
0.000000,
0.000001,
0.000000,
-0.000001,
-0.000001,
-0.000001,
-0.000000,
0.000000,
0.000000,
-0.000001,
0.000000,
-0.000000,
0.000000,
0.000000,
0.000000,
-0.000000,
0.000001,
0.000001,
0.000001,
0.000001,
-0.000000,
0.000000,
0.000000,
0.000000,
-0.000001,
0.000001,
-0.000001,
0.000000,
-0.000001,
-0.000001,
-0.000001,
0.000000,
-0.000000,
-0.000000,
-0.000001,
-0.000000,
0.000000,
0.000000,
-0.000000,
-0.000001,
0.000000,
0.000000,
-0.000001,
-0.000001,
-0.000000,
0.000000,
0.000000,
-0.000000,
0.000001,
-0.000000,
-0.000001,
-0.000001,
0.000000,
0.000000,
-0.000001,
-0.000000,
0.000001,
0.000002,
0.000000,
-0.000000,
-0.000001,
0.000000,
0.000000,
-0.000000,
-0.000000,
-0.000000,
-0.000000,
-0.000001,
-0.000000,
-0.000001,
0.000001,
0.000000,
0.000000,
-0.000001,
0.000000,
-0.000000,
0.000000,
0.000000,
0.000002,
0.000001,
0.000001,
0.000001,
-0.000001,
-0.000000,
-0.000000,
-0.000000,
-0.000000,
0.000001,
-0.000000,
0.000001,
0.000000,
-0.000002,
-0.000001,
-0.000001,
-0.000001,
0.000001,
-0.000001,
-0.000001,
0.000001,
-0.000001,
-0.000001,
0.000000,
-0.000000,
0.000000,
0.000000,
0.000000,
0.000000,
0.000000,
0.000001,
-0.000000,
0.000000,
2.120941,
-3.335443,
1.744707,
0.027913,
3.671416,
-4.243169,
3.968578,
-3.668881,
8.423646,
-14.638315,
48.734124,
135.868539,
58.732920,
-16.029004,
-23.210549,
58.185296,
-4.394970,
-43.145156,
9.826509,
94.828682,
60.380733,
-74.690030,
-38.070804,
11.537252,
-11.032312,
-2.782364,
-5.157052,
-19.619260,
-6.046171,
1.464750,
-0.306764,
7.619890,
-3.792162,
-24.243018,
-5.750072,
3.592699,
1.700229,
11.628350,
5.675357,
-1.599687,
4.570066,
9.508426,
9.754436,
8.212441,
13.803713,
10.812524,
12.566157,
14.774244,
20.641357,
17.424634,
5.853229,
-4.519898,
2.208353,
5.165390,
-5.247391,
-4.799061,
5.072178,
4.091415,
-0.647388,
1.794122,
1.418994,
-0.667676,
-1.844623,
-2.569686,
-1.949263,
1.703037,
-0.021074,
1.755862,
1.994259,
-1.371118,
-0.126882,
3.336250,
3.362116,
-0.483192,
0.075603,
1.712535,
0.326843,
-0.319383,
1.901711,
3.199747,
0.553939,
-0.883919,
-0.981650,
-0.915144,
-1.506480,
1.168241,
2.356736,
1.160230,
0.656173,
0.742350,
1.313603,
0.956509,
0.973263,
1.379797,
1.086768,
0.607530,
0.899309,
1.237979,
1.005829,
0.459609,
0.421931,
0.355849,
0.731274,
0.735430,
0.366972,
0.102733,
-0.245693,
-0.253398,
0.381212,
0.481703,
0.131615,
-0.222861,
-0.028720,
-0.107801,
-0.134165,
0.918931,
1.115291,
0.491822,
0.000000,
0.000000,
-0.000000,
-0.000000,
0.000000,
0.000001,
0.000000,
-0.000001,
-0.000001,
