-0.000000,
0.000001,
-0.000000,
0.000002,
0.000001,
0.000001,
0.000001,
-0.000000,
0.000001,
0.000000,
0.000001,
0.000001,
0.000000,
0.000002,
0.000002,
-0.000000,
-0.000001,
-0.000001,
0.000002,
0.000001,
-0.000000,
0.000001,
0.000000,
-0.000000,
-0.000001,
-0.000001,
0.000000,
0.000001,
-0.000001,
-0.000000,
-0.000000,
0.000001,
-0.000001,
-0.000000,
0.000001,
0.000002,
0.000000,
-0.000000,
-0.000001,
0.000001,
-0.000000,
0.000001,
-0.000001,
0.000001,
-0.000001,
-0.000001,
-0.000001,
-0.000002,
-0.000003,
0.000001,
0.000001,
-0.000001,
-0.000000,
0.000000,
0.000001,
0.000000,
-0.000001,
-0.000001,
-0.000000,
0.000000,
0.000001,
-0.000000,
-0.000001,
0.000001,
0.000001,
-0.000000,
-0.000001,
-0.000000,
0.000000,
-0.000001,
-0.000001,
-0.000000,
0.000000,
-0.000001,
-0.000000,
0.000002,
0.000001,
0.000001,
-0.000001,
-0.000000,
0.000001,
-0.000000,
-0.000001,
0.000001,
0.000000,
0.000001,
-0.000001,
0.000000,
0.000002,
-0.000000,
0.000000,
0.000001,
0.000000,
-0.000000,
0.000000,
0.000001,
0.000002,
-0.000001,
0.000001,
0.000001,
0.000000,
-0.000000,
0.000000,
0.000001,
-0.000000,
0.000000,
-0.000000,
0.000000,
-0.000001,
-0.000002,
-0.000000,
-0.000000,
0.000000,
0.000000,
-0.000001,
0.000000,
-0.000000,
-0.000001,
-0.000001,
0.000002,
0.000001,
-0.000000,
-0.000001,
0.000000,
0.000001,
0.000000,
-0.000001,
-0.000001,
0.000001,
2.422318,
-4.437669,
2.997149,
-0.830535,
4.446419,
-5.531569,
5.504362,
-5.492517,
12.255741,
-21.635290,
86.922988,
152.017280,
51.376402,
-11.387762,
-34.552701,
75.016528,
-17.277844,
-58.522247,
10.468218,
112.626344,
59.580795,
-88.422447,
-25.934879,
15.955817,
-15.127208,
-7.269590,
-18.608488,
-23.771932,
-5.834332,
-0.678696,
2.238445,
12.820356,
-6.683432,
-25.343629,
0.380828,
4.663489,
-1.612529,
9.451791,
0.821706,
-4.580544,
6.481560,
5.176924,
15.637774,
18.513829,
32.261971,
23.648228,
13.719397,
19.555207,
16.621051,
8.956989,
-4.737667,
-6.275194,
5.219429,
9.663356,
-1.756625,
-7.524305,
2.123916,
3.509006,
-0.855840,
0.373240,
3.604609,
-3.797821,
-4.126895,
-3.922008,
-3.587800,
3.874276,
4.699291,
5.194706,
3.758404,
1.078022,
-1.526791,
2.004512,
1.650844,
-3.749898,
0.698557,
2.889269,
-1.510697,
-1.790374,
3.716535,
3.964745,
-1.958277,
-1.199561,
-0.064671,
-1.308069,
-0.167294,
1.870757,
3.414322,
1.338040,
0.008669,
1.687670,
2.105111,
1.133872,
1.144427,
2.210130,
1.787866,
1.019882,
0.855750,
1.076044,
0.302711,
-0.067716,
0.341353,
0.314020,
0.552193,
0.712502,
0.859306,
0.426590,
-0.353263,
-0.842677,
-0.157085,
0.239537,
0.087182,
0.356574,
0.701874,
0.170969,
-0.113580,
1.154375,
1.277450,
0.559154,
-0.000001,
-0.000001,
-0.000000,
0.000000,
-0.000001,
0.000000,
0.000001,
0.000000,
-0.000001,
